s	h:m:s	max_rss	max_vms	max_uss	max_pss	io_in	io_out	mean_load	cpu_time
306.5271	0:05:06	3152.52	3995.90	3152.36	3152.39	36086.91	20767.61	198.59	608.62
